ans =

    9.5463


ans =

   5.3559e-15


Convergence Time = 0.040 s
Steady-State RMSE = 0.9878 m
